00000000000000000000000000000000000101110000000000000000000000000000000000000000
00000000000000000000000000000000011010111110100000000000000000000000000000000000
00000000000000000000000000000000010101101010000000000000000000000000000000000000
00000000000000000000000000000000001111010111000000000000000000000000000000000000
00000000000000000000000000000000010101101110100000000000000000000000000000000000
00000000000000000000000000000000001110110101000000000000000000000000000000000000
00000000000000000000000000000000000100011100100000000000000000000000000000000000
00000000000000000000000000000000001011010101000000000000000000000000000000000000
00000000000000000000000000000000011101111010100000000000000000000000000000000000
00000000000000000000000000000000011011110001000000000000000000000000000000000000
00000000000000000000000000000000001010110010000000000000000000000000000000000000
00000000000000000000000000000000001101001101000000000000000000000000000000000000